3

19126001
20010401    
Trinh Van Minh
2001 4 1
19APCS1
1
-1
-1
-1
-1
2020 6 1 13 30 19 30 -1
2020 4 13 13 30 17 30 -1
2020 4 20 13 30 17 30 -1
2020 4 27 13 30 17 30 -1
2020 5 4 13 30 17 30 -1
2020 5 11 13 30 17 30 -1
2020 5 18 13 30 17 30 -1
2020 5 25 13 30 17 30 -1
2020 6 1 13 30 17 30 -1
2020 6 8 13 30 17 30 1


19127001
20200401
Nguyen Van 1
2020 4 1
19APCS1
1
-1
-1
-1
-1
2020 4 6 13 30 17 30 -1
2020 4 13 13 30 17 30 -1
2020 4 20 13 30 17 30 -1
2020 4 27 13 30 17 30 -1
2020 5 4 13 30 17 30 -1
2020 5 11 13 30 17 30 -1
2020 5 18 13 30 17 30 -1
2020 5 25 13 30 17 30 -1
2020 6 1 13 30 17 30 -1
2020 6 8 13 30 17 30 -1


19127002
20200402
Nguyen Van 2
2020 4 2
19APCS1
1
-1
-1
-1
-1
2020 4 6 13 30 17 30 -1
2020 4 13 13 30 17 30 -1
2020 4 20 13 30 17 30 -1
2020 4 27 13 30 17 30 -1
2020 5 4 13 30 17 30 -1
2020 5 11 13 30 17 30 -1
2020 5 18 13 30 17 30 -1
2020 5 25 13 30 17 30 -1
2020 6 1 13 30 17 30 1
2020 6 8 13 30 17 30 -1
